-0.051210
0.024424
0.084064
0.081330
0.081244
0.092254
0.107420
0.108816
0.103512
0.099055
0.097294
0.094593
0.092720
0.092039
0.092562
0.094159
0.097606
0.101458
0.105576
0.111954
0.113485
0.107865
0.096274
0.083820
0.072386
0.066377
0.066670
0.067170
0.067768
0.058450
0.046944
0.043261
0.040627
0.045983
0.052837
0.056014
0.057833
0.071543
0.096852
0.121348
0.141618
0.161889
0.168883
0.169446
0.170143
0.183144
0.196144
0.209880
0.228320
0.246760
0.265031
0.264505
0.263980
0.263454
0.257377
0.246748
0.236118
0.225488
0.223687
0.226272
0.228856
0.231441
0.232968
0.231631
0.230294
